{"user_id":".\/config\/config001.json","stimuli_id":0,"user_score":"4","reference":{"name":"amphoriskos.pcd","voxelized":true,"geomResolution":1024,"splatScalingFactor":"1.450","splatType":"fixed","pointSize":"amphoriskos_fixed_kNN6.json","side":"L"},"distorted":{"name":"amphoriskos.pcd","voxelized":true,"geomResolution":1024,"splatScalingFactor":"1.450","splatType":"fixed","pointSize":"amphoriskos_fixed_kNN18.json","side":"R"},"camera":{"left":-0.5,"right":0.5,"bottom":-0.5,"top":0.5,"near":0.1000000000000000055511151231257827021181583404541015625,"far":100},"user_interactivity":[{"timestamp":1570750464837,"camera":{"left":-0.5,"right":0.5,"bottom":-0.5,"top":0.5,"near":0.1000000000000000055511151231257827021181583404541015625,"far":100,"up":[0,1,0],"zoom":1,"matrix":[-0.1751087530121104851588142992113716900348663330078125,-5.5511151231257827021181583404541015625e-17,-0.98454909710920157639435501550906337797641754150390625,0,-0.60284521368392507412181657855398952960968017578125,0.7906209546455829073607901591458357870578765869140625,0.107220121309808735787783007253892719745635986328125,0,0.77840514705192365152441880127298645675182342529296875,0.61230589256947975940192918642424046993255615234375,-0.138444649473232317404836066998541355133056640625,0,0.8215331994412771177138665734673850238323211669921875,0.6462311058251481998837562059634365141391754150390625,-0.146115266912133778820503948736586607992649078369140625,1]}},{"timestamp":1570750465563,"camera":{"left":-0.5,"right":0.5,"bottom":-0.5,"top":0.5,"near":0.1000000000000000055511151231257827021181583404541015625,"far":100,"up":[0,0.9999999999999997779553950749686919152736663818359375,0],"zoom":1,"matrix":[-0.17510875301211026311420937418006360530853271484375,0,-0.98454909710920135434975009047775529325008392333984375,0,-0.60284521368392496309951411603833548724651336669921875,0.7906209546455829073607901591458357870578765869140625,0.107220121309808680276631775996065698564052581787109375,0,0.77840514705192342947981387624167837202548980712890625,0.61230589256947975940192918642424046993255615234375,-0.1384446494732320953602311419672332704067230224609375,0,0.821533199441276895669261648436076939105987548828125,0.646231105825147977839151280932128429412841796875,-0.146115266912133723309352717478759586811065673828125,1]}},{"timestamp":1570750465630,"camera":{"left":-0.5,"right":0.5,"bottom":-0.5,"top":0.5,"near":0.1000000000000000055511151231257827021181583404541015625,"far":100,"up":[0.00914588686569520713243175435991361155174672603607177734375,0.999923992736527100788634925265796482563018798828125,0.00826810155244482591907484447801834903657436370849609375],"zoom":1,"matrix":[-0.1675541034570569021155961308977566659450531005859375,0.009683988095365692050364714305032975971698760986328125,-0.9858153188043237147297759292996488511562347412109375,0,-0.596392745568583126924977477756328880786895751953125,0.7952332461481164127548026954173110425472259521484375,0.1091777324086578015993609369616024196147918701171875,0,0.7850103919362270143977866609930060803890228271484375,0.60622628167648595631789021354052238166332244873046875,-0.127469133349344065919694912736304104328155517578125,0,0.82850441229032700807266564879682846367359161376953125,0.63981465006660720451492352367495186626911163330078125,-0.1345316450528405149977828614282771013677120208740234375,1]}},{"timestamp":1570750465663,"camera":{"left":-0.5,"right":0.5,"bottom":-0.5,"top":0.5,"near":0.1000000000000000055511151231257827021181583404541015625,"far":100,"up":[0.03160876670158509205155183963142917491495609283447265625,0.99914851575531116179007540267775766551494598388671875,0.02651658597111804238632970509570441208779811859130859375],"zoom":1,"matrix":[-0.1505045337155526130601401746389456093311309814453125,0.030985311217417599305434805501135997474193572998046875,-0.98812362375353834931246410633320920169353485107421875,0,-0.5800312728845933296639714171760715544223785400390625,0.8066284982835296712977424249402247369289398193359375,0.11364060996288405380738595340517349541187286376953125,0,0.80056986441343325200392655460746027529239654541015625,0.5902460302667165148449157641152851283550262451171875,-0.1034287965096751804594532586634159088134765625,0,0.84492596763875926768605495453812181949615478515625,0.62294900225034444130045585552579723298549652099609375,-0.10915933743856154336526742554269731044769287109375,1]}},{"timestamp":1570750465679,"camera":{"left":-0.5,"right":0.5,"bottom":-0.5,"top":0.5,"near":0.1000000000000000055511151231257827021181583404541015625,"far":100,"up":[0.05436896368228778808617818185666692443192005157470703125,0.9974772932773812161855175872915424406528472900390625,0.04564060893703801580212342514641932211816310882568359375],"zoom":1,"matrix":[-0.13244314732419848468225609394721686840057373046875,0.052508280278428964837900139173143543303012847900390625,-0.9897988145219527300611161990673281252384185791015625,0,-0.5630128910006220177564273399184457957744598388671875,0.81787602674115256196074597028200514614582061767578125,0.11872358421656226123985788944992236793041229248046875,0,0.8157666929300206870578904272406361997127532958984375,0.57299361722824404541398735091206617653369903564453125,-0.078759236421579448261809375253506004810333251953125,0,0.86096478649790497694738178324769251048564910888671875,0.60474070784831213121179871450294740498065948486328125,-0.08312294404530155833565885359348612837493419647216796875,1]}},{"timestamp":1570750465697,"camera":{"left":-0.5,"right":0.5,"bottom":-0.5,"top":0.5,"near":0.1000000000000000055511151231257827021181583404541015625,"far":100,"up":[0.0828438912178274533548716362929553724825382232666015625,0.9940740702199122313942325490643270313739776611328125,0.0703820474574727850125555050908587872982025146484375],"zoom":1,"matrix":[-0.10878649567745046766731320531107485294342041015625,0.0792235649982269973801152218584320507943630218505859375,-0.9909031865460879995310961021459661424160003662109375,0,-0.5410564362838083951601220178417861461639404296875,0.831511958698222475305783518706448376178741455078125,0.125880083006449650095959214013419114053249359130859375,0,0.833920518463291404742676604655571281909942626953125,0.549828599920754612639939296059310436248779296875,-0.04759285235303334360423832549713551998138427734375,0,0.8801244367506442234372343591530807316303253173828125,0.5802922174242570729774115534382872283458709716796875,-0.050229765838786223641765360525823780335485935211181640625,1]}},{"timestamp":1570750465713,"camera":{"left":-0.5,"right":0.5,"bottom":-0.5,"top":0.5,"near":0.1000000000000000055511151231257827021181583404541015625,"far":100,"up":[0.10943530222317869593506856062958831898868083953857421875,0.9893809413569603083971060186740942299365997314453125,0.09565180346933795096919794787027058191597461700439453125],"zoom":1,"matrix":[-0.0844286705232804024490178562700748443603515625,0.1051341761830431875690550214130780659615993499755859375,-0.990867601948910436959749858942814171314239501953125,0,-0.519907011566781651623614379786886274814605712890625,0.84367641000516047089519133805879391729831695556640625,0.1338163462529999014893888897859142161905765533447265625,0,0.8500402925258130348851182134239934384822845458984375,0.52645694999602510311120795449824072420597076416015625,-0.0165704822957282171813631066470406949520111083984375,0,0.89713733756458313717274677401292137801647186279296875,0.555625645766035791695003354107029736042022705078125,-0.0174885808351246709035908821761040599085390567779541015625,1]}},{"timestamp":1570750465730,"camera":{"left":-0.5,"right":0.5,"bottom":-0.5,"top":0.5,"near":0.1000000000000000055511151231257827021181583404541015625,"far":100,"up":[0.1409278838409160627964666900879819877445697784423828125,0.9822902155961512615789388291887007653713226318359375,0.12347171295559232484517764305564924143254756927490234375],"zoom":1,"matrix":[-0.056989392783686643184637432568706572055816650390625,0.1325586170546191600028151924561825580894947052001953125,-0.989535457755159608694839334930293262004852294921875,0,-0.49376928094395022839080411358736455440521240234375,0.8576986680164626619671253138221800327301025390625,0.143334894840300541840605319521273486316204071044921875,0,0.8677235195073607076921007319469936192035675048828125,0.496770780065970141148312677614740096032619476318359375,0.0165736467443486912287653467501513659954071044921875,0,0.9158003154413574264935959945432841777801513671875,0.52429469394208971788629014554317109286785125732421875,0.01749192061211544968468700744779198430478572845458984375,1]}},{"timestamp":1570750465746,"camera":{"left":-0.5,"right":0.5,"bottom":-0.5,"top":0.5,"near":0.1000000000000000055511151231257827021181583404541015625,"far":100,"up":[0.168913031898418608545142660659621469676494598388671875,0.97441752450312868472082072912598960101604461669921875,0.1482527422885606405156266873746062628924846649169921875],"zoom":1,"matrix":[-0.032152775552898305022608838044106960296630859375,0.155781504069272325185835370575659908354282379150390625,-0.98726811050198526320542669054702855646610260009765625,0,-0.469640260851818702736437671774183399975299835205078125,0.86958584289933760214097446805681101977825164794921875,0.1525073349583037363164095268075470812618732452392578125,0,0.88227219405990597866917823921539820730686187744140625,0.46856438705791958465596280802856199443340301513671875,0.04520166777626144494206528179347515106201171875,0,0.9311550689370780009568306923029012978076934814453125,0.494525507059958180366976421282743103802204132080078125,0.0477060960978417381017635534590226598083972930908203125,1]}},{"timestamp":1570750465763,"camera":{"left":-0.5,"right":0.5,"bottom":-0.5,"top":0.5,"near":0.1000000000000000055511151231257827021181583404541015625,"far":100,"up":[0.196994621319170892803640526835806667804718017578125,0.964694283722500767197516324813477694988250732421875,0.17480863286590830885103287073434330523014068603515625],"zoom":1,"matrix":[-0.005280177814672715186361529049463570117950439453125,0.1793439176454553474204800522784353233873844146728515625,-0.98377226985000232328815172877511940896511077880859375,0,-0.444550712918367896264726368826813995838165283203125,0.880805907473835691945396320079453289508819580078125,0.162958942690984931456199547028518281877040863037109375,0,0.89573812209038894405210839977371506392955780029296875,0.438197116105038919631198268689331598579883575439453125,0.07507665463518409243448559209355153143405914306640625,0,0.9453670856230245167495240821153856813907623291015625,0.462475717360204041650462158941081725060939788818359375,0.0792363263775753001727508717522141523659229278564453125,1]}},{"timestamp":1570750465779,"camera":{"left":-0.5,"right":0.5,"bottom":-0.5,"top":0.5,"near":0.1000000000000000055511151231257827021181583404541015625,"far":100,"up":[0.2198364902435588630336127380360267125070095062255859375,0.955337983130891021943398300209082663059234619140625,0.1974873554048339752142737779649905860424041748046875],"zoom":1,"matrix":[0.017894735464027089477667686878703534603118896484375,0.1984565597684437576742055853173951618373394012451171875,-0.9799463109413426575855510236578993499279022216796875,0,-0.423419050621179682281081113615073263645172119140625,0.88938191532650689996586379493237473070621490478515625,0.172383631070971932164326290148892439901828765869140625,0,0.9057571893248936856224418079364113509654998779296875,0.411843177162167173310791667972807772457599639892578125,0.09994554222795748454899467105860821902751922607421875,0,0.95594126590915629027023214803193695843219757080078125,0.4346616209868494618007161989226005971431732177734375,0.10548309114784175377632635672853211872279644012451171875,1]}},{"timestamp":1570750465796,"camera":{"left":-0.5,"right":0.5,"bottom":-0.5,"top":0.5,"near":0.1000000000000000055511151231257827021181583404541015625,"far":100,"up":[0.24271836800050616833601679900311864912509918212890625,0.9451647843797206238747321549453772604465484619140625,0.21852076378140206092126618386828340590000152587890625],"zoom":1,"matrix":[0.03976578978758860127840080167516134679317474365234375,0.215373628057365096299946571889449842274188995361328125,-0.9757217238024258332274030180997215211391448974609375,0,-0.401598498671270121018750387520412914454936981201171875,0.89759750934041748759995016371249221265316009521484375,0.181761814171351676616694703625398688018321990966796875,0,0.9149520904547687738528338741161860525608062744140625,0.384620477306249097804169423397979699075222015380859375,0.12218739955151647347264542986522428691387176513671875,0,0.96564561662212577974884197828941978514194488525390625,0.405930629427038780487890790027449838817119598388671875,0.1289572732980286684512094552701455540955066680908203125,1]}},{"timestamp":1570750465813,"camera":{"left":-0.5,"right":0.5,"bottom":-0.5,"top":0.5,"near":0.1000000000000000055511151231257827021181583404541015625,"far":100,"up":[0.25953755209074558241155727955629117786884307861328125,0.93679099747590377500472413885290734469890594482421875,0.234654823310421256632452013946021907031536102294921875],"zoom":1,"matrix":[0.05666226368382243361310202089953236281871795654296875,0.2277910249884903259864898927844478748738765716552734375,-0.972059996506860812814920791424810886383056640625,0,-0.38510949611013300941664283527643419802188873291015625,0.9032641053491838878386488431715406477451324462890625,0.189221119311608010349345931899733841419219970703125,0,0.921129775807961070910323542193509638309478759765625,0.36362783848659241403566966255311854183673858642578125,0.13890547576515566152721703474526293575763702392578125,0,0.9721655807212468136668803708744235336780548095703125,0.383774879558805570578527976977056823670864105224609375,0.14660162558977696267703549892758019268512725830078125,1]}},{"timestamp":1570750465830,"camera":{"left":-0.5,"right":0.5,"bottom":-0.5,"top":0.5,"near":0.1000000000000000055511151231257827021181583404541015625,"far":100,"up":[0.273458407606620046426115777649101801216602325439453125,0.92956626883192494670282712831976823508739471435546875,0.247238854469002788949438809140701778233051300048828125],"zoom":1,"matrix":[0.070000335112980760499112875550054013729095458984375,0.2371224487304597061676503244598279707133769989013671875,-0.96895453835158917854641913436353206634521484375,0,-0.37120350819724678981259557986049912869930267333984375,0.907773564342121641601579540292732417583465576171875,0.195333334030974914430345279470202513039112091064453125,0,0.9259092334490066633634341997094452381134033203125,0.346005925078849474463282831493415869772434234619140625,0.15156513855172193405707048441399820148944854736328125,0,0.97720984737635963046642473273095674812793731689453125,0.365176612374975506636332056586979888379573822021484375,0.1599627053723102765303565320209600031375885009765625,1]}},{"timestamp":1570750465846,"camera":{"left":-0.5,"right":0.5,"bottom":-0.5,"top":0.5,"near":0.1000000000000000055511151231257827021181583404541015625,"far":100,"up":[0.283054858778729101498328191155451349914073944091796875,0.92428532098408366923791845692903734743595123291015625,0.256079269631695638498314337994088418781757354736328125],"zoom":1,"matrix":[0.07941421879283350193645674153231084346771240234375,0.2434954498053080451658303218209766782820224761962890625,-0.96664540953631739039764170229318551719188690185546875,0,-0.36145917594418364160446799360215663909912109375,0.910746669166468958422910873196087777614593505859375,0.1997192247329587500015435352906933985650539398193359375,0,0.92899980946137750148494660606957040727138519287109375,0.33354230695114683857838144831475801765918731689453125,0.1603398998828151622575433066231198608875274658203125,0,0.98047165879831099655206116949557326734066009521484375,0.352022439235389672518294901237823069095611572265625,0.16922363816286090099083594395779073238372802734375,1]}},{"timestamp":1570750465864,"camera":{"left":-0.5,"right":0.5,"bottom":-0.5,"top":0.5,"near":0.1000000000000000055511151231257827021181583404541015625,"far":100,"up":[0.289698291637043914281690604184404946863651275634765625,0.92047988815355308300780734498403035104274749755859375,0.26228167173365413145091906699235551059246063232421875],"zoom":1,"matrix":[0.08604032480862944254340618499554693698883056640625,0.247877651428408174449913303760695271193981170654296875,-0.964963073090966627631814844789914786815643310546875,0,-0.354634684249064691119457393142511136829853057861328125,0.91273745446827181382332128123380243778228759765625,0.202841267838538119594460340522346086800098419189453125,0,0.9310377560735074720099646583548747003078460693359375,0.324756846168200052904495578331989236176013946533203125,0.16643823969416493557815783788100816309452056884765625,0,0.98262251919137799660575183224864304065704345703125,0.34275021418277351603620672904071398079395294189453125,0.175659860527876021674131834515719674527645111083984375,1]}},{"timestamp":1570750465880,"camera":{"left":-0.5,"right":0.5,"bottom":-0.5,"top":0.5,"near":0.1000000000000000055511151231257827021181583404541015625,"far":100,"up":[0.2943118886755919927367131094797514379024505615234375,0.917763075922445548116002100869081914424896240234375,0.266629797017469860609395482242689467966556549072265625],"zoom":1,"matrix":[0.09069592612843535572864084315369836986064910888671875,0.250906198331433627490838489393354393541812896728515625,-0.96375325090116958914876477138022892177104949951171875,0,-0.349856363270896808526089216684340499341487884521484375,0.91408656182345537910549637672374956309795379638671875,0.2050519021434244748558484161549131385982036590576171875,0,0.93240268878986387601770502442377619445323944091796875,0.318577835281492138808090430757147260010242462158203125,0.1706850573564973050366688767098821699619293212890625,0,0.98406307690831684720222938267397694289684295654296875,0.336228851108075155185161975168739445507526397705078125,0.18014197593370706584892104729078710079193115234375,1]}},{"timestamp":1570750465897,"camera":{"left":-0.5,"right":0.5,"bottom":-0.5,"top":0.5,"near":0.1000000000000000055511151231257827021181583404541015625,"far":100,"up":[0.297523199812982863665666855013114400207996368408203125,0.91583543361955488393277846626006066799163818359375,0.269676480435216359143879572002333588898181915283203125],"zoom":1,"matrix":[0.09396316420674233338417025152011774480342864990234375,0.253006961085541826061984238549484871327877044677734375,-0.96289064873147245382511982825235463678836822509765625,0,-0.346511139743437335258846587748848833143711090087890625,0.91500910977199356732825208382564596831798553466796875,0.206611614068444360281517901967163197696208953857421875,0,0.93332789190399789713836753435316495597362518310546875,0.314238455120507020890130434054299257695674896240234375,0.1736468816809455528726857664878480136394500732421875,0,0.9850395415133703647114771229098550975322723388671875,0.331649044717087504441366263563395477831363677978515625,0.183267902095246848492848812384181655943393707275390625,1]}},{"timestamp":1570750465913,"camera":{"left":-0.5,"right":0.5,"bottom":-0.5,"top":0.5,"near":0.1000000000000000055511151231257827021181583404541015625,"far":100,"up":[0.299762137684140783644437533439486287534236907958984375,0.9144734409482186965334449268993921577930450439453125,0.27181057119133267274690979320439510047435760498046875],"zoom":1,"matrix":[0.0962542467220017794460318327764980494976043701171875,0.25446803882172075450540660312981344759464263916015625,-0.96227913684450594455910277247312478721141815185546875,0,-0.34416934882998273526055754700792022049427032470703125,0.91564418112842549390961721655912697315216064453125,0.2077093952896711115396755076289991848170757293701171875,0,0.93396069473716381015293563905288465321063995361328125,0.311194072539761668050317666711634956300258636474609375,0.1757147401392151753185544293955899775028228759765625,0,0.98570740520635224957146647284389473497867584228515625,0.328435986104415988950933069645543582737445831298828125,0.1854503316200872831132073770277202129364013671875,1]}},{"timestamp":1570750465930,"camera":{"left":-0.5,"right":0.5,"bottom":-0.5,"top":0.5,"near":0.1000000000000000055511151231257827021181583404541015625,"far":100,"up":[0.301324974016770052998026585555635392665863037109375,0.91351386312984583781826586346141993999481201171875,0.273305107715493933451256225453107617795467376708984375],"zoom":1,"matrix":[0.09785995179195017268369838348007760941982269287109375,0.255486146637683708693344897255883552134037017822265625,-0.96184731569595027789176810983917675912380218505859375,0,-0.342530050233453675634365254154545255005359649658203125,0.91608347640836995662283470664988271892070770263671875,0.2084807639534717316198708658703253604471683502197265625,0,0.93439637976735812063822095296927727758884429931640625,0.3090596918522108271787374178529717028141021728515625,0.1771595674804824493975274890544824302196502685546875,0,0.9861672296540191506863948234240524470806121826171875,0.326183348642150594542954422649927437305450439453125,0.1869752105765114524871250978321768343448638916015625,1]}},{"timestamp":1570750465947,"camera":{"left":-0.5,"right":0.5,"bottom":-0.5,"top":0.5,"near":0.1000000000000000055511151231257827021181583404541015625,"far":100,"up":[0.302416786718639862829860476267640478909015655517578125,0.91283913320870169183507414345513097941875457763671875,0.274351606508069723044940246836631558835506439208984375],"zoom":1,"matrix":[0.0989848924948280028957015019841492176055908203125,0.25619654081539533496680860480410046875476837158203125,-0.96154319899420681583279701953870244324207305908203125,0,-0.34138252636282928609290365784545429050922393798828125,0.9163884063898011245186125961481593549251556396484375,0.209022150329798372947465168181224726140499114990234375,0,0.93469779166954258808885924736387096345424652099609375,0.307564011400206116508826426070299930870532989501953125,0.1781696302389785824260570734622888267040252685546875,0,0.98648534148214495065332130252500064671039581298828125,0.324604799024729828715862822718918323516845703125,0.18804123653069038102358945252490229904651641845703125,1]}},{"timestamp":1570750465963,"camera":{"left":-0.5,"right":0.5,"bottom":-0.5,"top":0.5,"near":0.1000000000000000055511151231257827021181583404541015625,"far":100,"up":[0.303179988629246610631895464393892325460910797119140625,0.91236534124049539773437800249666906893253326416015625,0.275084311798918290659088370375684462487697601318359375],"zoom":1,"matrix":[0.0997728126796817438304287861683405935764312744140625,0.25669269738153965842997195068164728581905364990234375,-0.96132941542479322105663186448509804904460906982421875,0,-0.34057925483671291910781064871116541326045989990234375,0.91660059413181016463312289488385431468486785888671875,0.209401819505184716430079561177990399301052093505859375,0,0.93490703122013940618018068562378175556659698486328125,0.306516247445713541086576015004538930952548980712890625,0.17887602697662863260319454639102332293987274169921875,0,0.98670617408853555918568645211053080856800079345703125,0.3234989830148362610628964830539189279079437255859375,0.1887867716471454959670239759361720643937587738037109375,1]}},{"timestamp":1570750465980,"camera":{"left":-0.5,"right":0.5,"bottom":-0.5,"top":0.5,"near":0.1000000000000000055511151231257827021181583404541015625,"far":100,"up":[0.303713706343728684355909308578702621161937713623046875,0.91203296165906933001821244033635593950748443603515625,0.27559728123902493823749182411120273172855377197265625],"zoom":1,"matrix":[0.100324582210431056950028505525551736354827880859375,0.257039457970590856650261457616579718887805938720703125,-0.9611793252304625667647997033782303333282470703125,0,-0.340016963252606829737345606190501712262630462646484375,0.9167485063379323673160570251639001071453094482421875,0.209667929897839833142114684960688464343547821044921875,0,0.9350526417826847680458968170569278299808502197265625,0.305782427836124914843907163231051526963710784912109375,0.17937018682564620508657071695779450237751007080078125,0,0.9868598523006768541421251939027570188045501708984375,0.322724505644072234833430457001668401062488555908203125,0.1893083107496758843435458175008534453809261322021484375,1]}},{"timestamp":1570750465996,"camera":{"left":-0.5,"right":0.5,"bottom":-0.5,"top":0.5,"near":0.1000000000000000055511151231257827021181583404541015625,"far":100,"up":[0.304087051893835724758474725604173727333545684814453125,0.91179994077331372182015911675989627838134765625,0.27595639669392946213832829016610048711299896240234375],"zoom":1,"matrix":[0.100710931044594165229000282124616205692291259765625,0.2572819211908259351417882498935796320438385009765625,-0.96107404574074750680523493429063819348812103271484375,0,-0.3396233586904358059399555713753215968608856201171875,0.9168517413915180380712399710319004952907562255859375,0.20985437460097988715546080129570327699184417724609375,0,0.93515414911123528884928646220942027866840362548828125,0.30526856591483253478003234704374335706233978271484375,0.17971594271055357783239969649002887308597564697265625,0,0.98696698370995228355440076484228484332561492919921875,0.32218217286291161993716514189145527780055999755859375,0.1896732234682382556290036745849647559225559234619140625,1]}},{"timestamp":1570750466013,"camera":{"left":-0.5,"right":0.5,"bottom":-0.5,"top":0.5,"near":0.1000000000000000055511151231257827021181583404541015625,"far":100,"up":[0.304348267827616314473715419808286242187023162841796875,0.911636652174830697248353317263536155223846435546875,0.276207795476152762059740553013398312032222747802734375],"zoom":1,"matrix":[0.10098142911013441302969795287935994565486907958984375,0.2574515134793042836491849811864085495471954345703125,-0.96100024411135842594688938334002159535884857177734375,0,-0.33934783537471313596967092962586320936679840087890625,0.9169238571923690184206634512520395219326019287109375,0.2099849678857148294053303061446058563888072967529296875,0,0.93522499838347539213856407513958401978015899658203125,0.30490877048501519031020734473713673651218414306640625,0.17995789529760786162881913696764968335628509521484375,0,0.98704175843301500403725867727189324796199798583984375,0.32180244272916092018732570068095810711383819580078125,0.189928581598524048867915325899957679212093353271484375,1]}},{"timestamp":1570750466029,"camera":{"left":-0.5,"right":0.5,"bottom":-0.5,"top":0.5,"near":0.1000000000000000055511151231257827021181583404541015625,"far":100,"up":[0.30453105723351558964395735529251396656036376953125,0.9115222649262069154474374954588711261749267578125,0.276383783395543980443420650772168301045894622802734375],"zoom":1,"matrix":[0.101170804125276792007070980616845190525054931640625,0.2575701633975275850474417893565259873867034912109375,-0.96094853104628652484819895107648335397243499755859375,0,-0.339154969027169794770770749892108142375946044921875,0.91697426536327186763486452036886475980281829833984375,0.210076423345570362233303285393049009144306182861328125,0,0.93527449199517065370201862606336362659931182861328125,0.304656868606074160421570695689297281205654144287109375,0.180127224578398692500513789127580821514129638671875,0,0.98709399427102562096791871226741932332515716552734375,0.321536584059886443309750347907538525760173797607421875,0.19010729268019399551548076487961225211620330810546875,1]}},{"timestamp":1570750466047,"camera":{"left":-0.5,"right":0.5,"bottom":-0.5,"top":0.5,"near":0.1000000000000000055511151231257827021181583404541015625,"far":100,"up":[0.3046589795494447638901647223974578082561492919921875,0.911442152097010183098291236092336475849151611328125,0.27650697922595257605138385770260356366634368896484375],"zoom":1,"matrix":[0.10130337954458712435013012509443797171115875244140625,0.257653186637602782393940969996037892997264862060546875,-0.9609123064610702869003944215364754199981689453125,0,-0.339019962583340384032482006659847684204578399658203125,0.9170095153636987905798605424934066832065582275390625,0.2101404618402289425915796527988277375698089599609375,0,0.9353090880895127412486544926650822162628173828125,0.304480515218827907375498398323543369770050048828125,0.18024573667424526046687560665304772555828094482421875,0,0.98713050718487327372940853820182383060455322265625,0.321350459696493506722703159539378248155117034912109375,0.19023237101715262387102711727493442595005035400390625,1]}},{"timestamp":1570750466063,"camera":{"left":-0.5,"right":0.5,"bottom":-0.5,"top":0.5,"near":0.1000000000000000055511151231257827021181583404541015625,"far":100,"up":[0.304748510334699573842698328007827512919902801513671875,0.91138605265934835575336592228268273174762725830078125,0.276593218403475227251675505613093264400959014892578125],"zoom":1,"matrix":[0.10139618865873212261163871517055667936801910400390625,0.257711287368435737477057045907713472843170166015625,-0.960886936787250789393510785885155200958251953125,0,-0.33892545807711649263893605166231282055377960205078125,0.9170341728603534914299189040320925414562225341796875,0.21018529842390043516076048035756684839725494384765625,0,0.935333281131757399151638310286216437816619873046875,0.30435705703865456595025307251489721238613128662109375,0.18032868612084318460375698123243637382984161376953125,0,0.98715604065863671312541782754124142229557037353515625,0.321220161234132273175845284640672616660594940185546875,0.1903199163327424781044783230754546821117401123046875,1]}},{"timestamp":1570750466080,"camera":{"left":-0.5,"right":0.5,"bottom":-0.5,"top":0.5,"near":0.1000000000000000055511151231257827021181583404541015625,"far":100,"up":[0.304811174614577573560580958655918948352336883544921875,0.9113467730290778501256454546819441020488739013671875,0.27665358685469332300499445409514009952545166015625],"zoom":1,"matrix":[0.1014611581355218117295180491055361926555633544921875,0.25775195026664388109338688082061707973480224609375,-0.9608691719081947635316964806406758725643157958984375,0,-0.338859304925166693323035360663197934627532958984375,0.917051424531167835851874770014546811580657958984375,0.2102166887546957074750508809302118606865406036376953125,0,0.9353502043916124275568790835677646100521087646484375,0.30427063101636553366091675343341194093227386474609375,0.18038674631322348940187794141820631921291351318359375,0,0.9871739015629052982347957367892377078533172607421875,0.321128946720873942322072025490342639386653900146484375,0.190381193388510727704243663538363762199878692626953125,1]}},{"timestamp":1570750466097,"camera":{"left":-0.5,"right":0.5,"bottom":-0.5,"top":0.5,"near":0.1000000000000000055511151231257827021181583404541015625,"far":100,"up":[0.304855036047824212719348224709392525255680084228515625,0.911319272376465594476258047507144510746002197265625,0.2766958452733039308668594458140432834625244140625],"zoom":1,"matrix":[0.1015066382862668259434713036171160638332366943359375,0.257780410564533546402543606745894066989421844482421875,-0.96085673350037026363423819930176250636577606201171875,0,-0.338812997720472963703031155091593973338603973388671875,0.9170634964979560432851712903357110917568206787109375,0.210238664299909616683947888304828666150569915771484375,0,0.93536204485722407309111758877406828105449676513671875,0.304210130206283235754227689540130086243152618408203125,0.1804273862815410911508706703898496925830841064453125,0,0.98718639805735086678595280318404547870159149169921875,0.321065093823364289260524628843995742499828338623046875,0.1904240850411721142076970636480837129056453704833984375,1]}},{"timestamp":1570750466113,"camera":{"left":-0.5,"right":0.5,"bottom":-0.5,"top":0.5,"near":0.1000000000000000055511151231257827021181583404541015625,"far":100,"up":[0.304885737304669390823619323782622814178466796875,0.911300019513491488254430805682204663753509521484375,0.27672542641198882851227835999452508985996246337890625],"zoom":1,"matrix":[0.10153847513436797811436917982064187526702880859375,0.25780033094446974661906324399751611053943634033203125,-0.9608480251487794276954446104355156421661376953125,0,-0.33878058267876653975037015698035247623920440673828125,0.917071944815146533613869905821047723293304443359375,0.21025404831489058476989839618909172713756561279296875,0,0.935370330332977228948720949119888246059417724609375,0.3041677783689238356856776590575464069843292236328125,0.1804558331971855000830373683129437267780303955078125,0,0.9871951425953719994055290953838266432285308837890625,0.3210203954544237348045498947612941265106201171875,0.190454108077006412091947140652337111532688140869140625,1]}},{"timestamp":1570750466130,"camera":{"left":-0.5,"right":0.5,"bottom":-0.5,"top":0.5,"near":0.1000000000000000055511151231257827021181583404541015625,"far":100,"up":[0.304907227327417873485870813965448178350925445556640625,0.91128654133120956526425970878335647284984588623046875,0.276746133328193921752102824029861949384212493896484375],"zoom":1,"matrix":[0.101560761290560908065572220948524773120880126953125,0.2578142743135780623475739048444665968418121337890625,-0.9608419285846370172521346830762922763824462890625,0,-0.3387578921517115926320684593520127236843109130859375,0.91707785762763893711024820731836371123790740966796875,0.210264817680061166793592519752564840018749237060546875,0,0.9353761287690696146768232210888527333736419677734375,0.304138131462109051472708642904763109982013702392578125,0.18047574551647060925319010493694804608821868896484375,0,0.98720126229765392533721524159773252904415130615234375,0.320989105941113905817729801128734834492206573486328125,0.1904751236515212775568528513758792541921138763427734375,1]}},{"timestamp":1570750466147,"camera":{"left":-0.5,"right":0.5,"bottom":-0.5,"top":0.5,"near":0.1000000000000000055511151231257827021181583404541015625,"far":100,"up":[0.304922269928772582403553315089084208011627197265625,0.91127710602291867036939265744877047836780548095703125,0.276760628233095162809007661053328774869441986083984375],"zoom":1,"matrix":[0.1015763617831135778857287732535041868686676025390625,0.2578240342359909842429033233202062547206878662109375,-0.96083766063637654486484507287968881428241729736328125,0,-0.33874200877813909205116260636714287102222442626953125,0.91708199610318918981732849715626798570156097412109375,0.2102723565101729530368857012945227324962615966796875,0,0.93538018699128822053268095260136760771274566650390625,0.3041173783157888887984654502361081540584564208984375,0.18048968388934072404339303830056451261043548583984375,0,0.98720554536836069292604634028975851833820343017578125,0.32096720295298564185060286035877652466297149658203125,0.1904898342891660767417505439880187623202800750732421875,1]}},{"timestamp":1570750466163,"camera":{"left":-0.5,"right":0.5,"bottom":-0.5,"top":0.5,"near":0.1000000000000000055511151231257827021181583404541015625,"far":100,"up":[0.30493279953620799904712157513131387531757354736328125,0.91127050102908235817977811166201718151569366455078125,0.27677077468767297130369797741877846419811248779296875],"zoom":1,"matrix":[0.10158728220691826127364265630603767931461334228515625,0.257830865961327593272045533012715168297290802001953125,-0.96083467290239055191847228343249298632144927978515625,0,-0.338730890425321395920121858580387197434902191162109375,0.9170848927915551396239379755570553243160247802734375,0.2102776338205533945835412623637239448726177215576171875,0,0.93538302740935008738887290746788494288921356201171875,0.30410285097501754680848762291134335100650787353515625,0.18049944061792932981092008049017749726772308349609375,0,0.98720854316166539721422168440767563879489898681640625,0.32095187071528352706906161984079517424106597900390625,0.1905001315957597085581909368556807748973369598388671875,1]}},{"timestamp":1570750466180,"camera":{"left":-0.5,"right":0.5,"bottom":-0.5,"top":0.5,"near":0.1000000000000000055511151231257827021181583404541015625,"far":100,"up":[0.304940170168977509046470686371321789920330047607421875,0.91126587738951692063693599266116507351398468017578125,0.276777877227981861096850479952991008758544921875],"zoom":1,"matrix":[0.10159492655493818080714163443190045654773712158203125,0.257835648068996448056822146099875681102275848388671875,-0.960832581401743102134105356526561081409454345703125,0,-0.338723107569736281430294866368058137595653533935546875,0.91708692035694927557898381564882583916187286376953125,0.210281328007285106540535934982472099363803863525390625,0,0.93538501553990993642173634725622832775115966796875,0.304092681751875038020926922399667091667652130126953125,0.1805062702743460700816058306372724473476409912109375,0,0.98721064144591486044788553044782020151615142822265625,0.320941138059601838161682962891063652932643890380859375,0.1905073396538110863662751626179669983685016632080078125,1]}},{"timestamp":1570750466197,"camera":{"left":-0.5,"right":0.5,"bottom":-0.5,"top":0.5,"near":0.1000000000000000055511151231257827021181583404541015625,"far":100,"up":[0.30494532955280961861177502214559353888034820556640625,0.911262640779984867123175718006677925586700439453125,0.276782849003718467439938422103296034038066864013671875],"zoom":1,"matrix":[0.1016002776093907211674149948521517217159271240234375,0.25783899548637034815357083061826415359973907470703125,-0.960831117312649585215922343195416033267974853515625,0,-0.3387176595811924872947429321357049047946929931640625,0.91708833959185886985920888037071563303470611572265625,0.2102839139651122291052587343074264936149120330810546875,0,0.9353864071481552411313487027655355632305145263671875,0.30408556327327807000671100468025542795658111572265625,0.18051105099477704474253414446138776838779449462890625,0,0.98721211015713594694176435950794257223606109619140625,0.320933625176986481175589460690389387309551239013671875,0.1905123852532221440103654686026857234537601470947265625,1]}},{"timestamp":1570750466213,"camera":{"left":-0.5,"right":0.5,"bottom":-0.5,"top":0.5,"near":0.1000000000000000055511151231257827021181583404541015625,"far":100,"up":[0.3033395701261449861618757495307363569736480712890625,0.91101263026492518282140053997864015400409698486328125,0.279358358911035720151261330101988278329372406005859375],"zoom":1,"matrix":[0.1049635418062428993124512999202124774456024169921875,0.25944203961126588442454021787852980196475982666015625,-0.96003775080662079322024737848551012575626373291015625,0,-0.34007838257576328278020127982017584145069122314453125,0.91653413363063551688725283383973874151706695556640625,0.21050386123440378849380749670672230422496795654296875,0,0.93452091929295078021056042416603304445743560791015625,0.30439285466693644099933635516208596527576446533203125,0.1844332980553442524751517339609563350677490234375,0,0.98629866937445831442943244837806560099124908447265625,0.321257942253703132617914661750546656548976898193359375,0.1946519470082670455468587533687241375446319580078125,1]}},{"timestamp":1570750466230,"camera":{"left":-0.5,"right":0.5,"bottom":-0.5,"top":0.5,"near":0.1000000000000000055511151231257827021181583404541015625,"far":100,"up":[0.301747023434729921831376486807130277156829833984375,0.90976390451999422648299287175177596509456634521484375,0.285093619502110706687147967386408708989620208740234375],"zoom":1,"matrix":[0.11236044017174240394751905114389955997467041015625,0.263013291114312874885428072957438416779041290283203125,-0.95822708174087301014054673942155204713344573974609375,0,-0.341129301505755433421285260919830761849880218505859375,0.9159360053979834770387924436363391578197479248046875,0.2114049045546969318731811426914646290242671966552734375,0,0.93327698521854018931520613477914594113826751708984375,0.303125786947931630255226309600402601063251495361328125,0.1926365130202203346243550186045467853546142578125,0,0.9849858143093104256848846489447169005870819091796875,0.31992067180907002299505847986438311636447906494140625,0.203309666527881016673262593030813150107860565185546875,1]}},{"timestamp":1570750466247,"camera":{"left":-0.5,"right":0.5,"bottom":-0.5,"top":0.5,"near":0.1000000000000000055511151231257827021181583404541015625,"far":100,"up":[0.29905870335087347822167203048593364655971527099609375,0.905565831073843252596589081804268062114715576171875,0.300856140940537530870102500557550229132175445556640625],"zoom":1,"matrix":[0.13262434220304475385177056523389182984828948974609375,0.2727804962440881775265211217