{"user_id":".\/config\/config003.json","stimuli_id":0,"user_score":"4","reference":{"name":"amphoriskos.pcd","voxelized":true,"geomResolution":1024,"splatScalingFactor":"1.450","splatType":"fixed","pointSize":"amphoriskos_fixed_kNN6.json","side":"L"},"distorted":{"name":"amphoriskos.pcd","voxelized":true,"geomResolution":1024,"splatScalingFactor":"1.450","splatType":"fixed","pointSize":"amphoriskos_fixed_kNN18.json","side":"R"},"camera":{"left":-0.5,"right":0.5,"bottom":-0.5,"top":0.5,"near":0.1000000000000000055511151231257827021181583404541015625,"far":100},"scene_background":"0xC0C0C0","user_interactivity":[{"timestamp":1574453098135,"camera":{"left":-0.5,"right":0.5,"bottom":-0.5,"top":0.5,"near":0.1000000000000000055511151231257827021181583404541015625,"far":100,"up":[0,1,0],"zoom":1,"matrix":[-0.622356917207774973377354399417527019977569580078125,3.4694469519536141888238489627838134765625e-18,-0.782733586607623710307279907283373177051544189453125,0,-0.018436797617811896687900485858335741795599460601806640625,0.999722557306402137555778608657419681549072265625,0.0146592259804957103508371574207558296620845794677734375,0,0.782516422892985730186410364694893360137939453125,0.02355437141482223661892447807986172847449779510498046875,-0.6221842488282856020731514945509843528270721435546875,0,0.82587226324151730150191497159539721906185150146484375,0.024859416953413704387543248230940662324428558349609375,-0.6566567789508379604512811056338250637054443359375,1]}},{"timestamp":1574453098738,"camera":{"left":-0.5,"right":0.5,"bottom":-0.5,"top":0.5,"near":0.1000000000000000055511151231257827021181583404541015625,"far":100,"up":[-0.005511641440358916281538892434355147997848689556121826171875,0.999906853812943641202082289964891970157623291015625,-0.0124862126577187544651525996641794336028397083282470703125],"zoom":1,"matrix":[-0.6424052961187154409117283648811280727386474609375,-0.013109525975853734969245323327413643710315227508544921875,-0.76625294508231023282718297195970080792903900146484375,0,-0.02356089315870936451435824210420832969248294830322265625,0.99971889405400948813706918372190557420253753662109375,0.00264899697849939157190402028163589420728385448455810546875,0,0.76600281972861516965878081464325077831745147705078125,0.01975533346002118773032663057165336795151233673095703125,-0.6425335843111190659016074278042651712894439697265625,0,0.8084437129636705687829589805915020406246185302734375,0.0208498907861896787263589203575975261628627777099609375,-0.6781335828350762984229049834539182484149932861328125,1]}},{"timestamp":1574453098772,"camera":{"left":-0.5,"right":0.5,"bottom":-0.5,"top":0.5,"near":0.1000000000000000055511151231257827021181583404541015625,"far":100,"up":[-0.0175662790284914216432099465237115509808063507080078125,0.99813540408396950187608354099211283028125762939453125,-0.0584563166409310941418198126484639942646026611328125],"zoom":1,"matrix":[-0.7035685702216536441255811951123178005218505859375,-0.0538806285617830227341329418777604587376117706298828125,-0.70858178417317863040381098471698351204395294189453125,0,-0.0342946717730240602239888403346412815153598785400390625,0.99853403885093416914031649866956286132335662841796875,-0.04187658945068876981121519520456786267459392547607421875,0,0.70979936776827179389925959185347892343997955322265625,-0.0051624724530173506098496005733977654017508029937744140625,-0.7043849845034555468004100475809536874294281005859375,0,0.74912627154708022469975503554451279342174530029296875,-0.005448502656254788391321230989206014783121645450592041015625,-0.7434119007937620704495884638163261115550994873046875,1]}},{"timestamp":1574453098789,"camera":{"left":-0.5,"right":0.5,"bottom":-0.5,"top":0.5,"near":0.1000000000000000055511151231257827021181583404541015625,"far":100,"up":[-0.032357421853007307943617121281931758858263492584228515625,0.993959879832299275648210823419503867626190185546875,-0.1048654115272925901880540777710848487913608551025390625],"zoom":1,"matrix":[-0.7599618632571105703021885346970520913600921630859375,-0.09261345706425527790628393631777726113796234130859375,-0.64333561534038230522725143600837327539920806884765625,0,-0.047639041236223443609443251034463173709809780120849609375,0.99507092439688715757029058295302093029022216796875,-0.086973427953701942794140222758869640529155731201171875,0,0.64821947528971579632894872702308930456638336181640625,-0.0354485964536217224019054583550314418971538543701171875,-0.7606279700777471841632859650417231023311614990234375,0,0.68413450436676448429551555818761698901653289794921875,-0.037412649403131402470190636222469038330018520355224609375,-0.80277106621034810540749049323494546115398406982421875,1]}},{"timestamp":1574453098806,"camera":{"left":-0.5,"right":0.5,"bottom":-0.5,"top":0.5,"near":0.1000000000000000055511151231257827021181583404541015625,"far":100,"up":[-0.049410247977640230077067684533176361583173274993896484375,0.9869828523459498459402539083384908735752105712890625,-0.153047301739827557032214144783210940659046173095703125],"zoom":1,"matrix":[-0.8116334190097813650055513789993710815906524658203125,-0.12898068454755307055137336647021584212779998779296875,-0.569750099745613969304258716874755918979644775390625,0,-0.0631069201587420025578722970749367959797382354736328125,0.98897181451338356250602146246819756925106048583984375,-0.1339860691496833344782402264172560535371303558349609375,0,0.58074840488336310073691493016667664051055908203125,-0.0727923973485567199492862755505484528839588165283203125,-0.8108221488795670506277701861108653247356414794921875,0,0.6129251546462632926903779662097804248332977294921875,-0.07682550830405994457539264885781449265778064727783203125,-0.8557462867116025773128740183892659842967987060546875,1]}},{"timestamp":1574453098822,"camera":{"left":-0.5,"right":0.5,"bottom":-0.5,"top":0.5,"near":0.1000000000000000055511151231257827021181583404541015625,"far":100,"up":[-0.07041138290329175541959472184316837228834629058837890625,0.976132961972003609929515732801519334316253662109375,-0.2054426384892136525639472210968961007893085479736328125],"zoom":1,"matrix":[-0.8600789712479299797820431194850243628025054931640625,-0.163731475190498743099709599846391938626766204833984375,-0.483173019992885033335738853565999306738376617431640625,0,-0.08229336611782854526975228282026364468038082122802734375,0.97922278480750335472038159423391334712505340576171875,-0.185338985663661859337736359520931728184223175048828125,0,0.50347985571430642348644823869108222424983978271484375,-0.119644229889205810923868966710870154201984405517578125,-0.8556829396126344189354995251051150262355804443359375,0,0.531375490367377967260154036921449005603790283203125,-0.1262731976372843678557700286546605639159679412841796875,-0.90309261924804984378312155968160368502140045166015625,1]}},{"timestamp":1574453098838,"camera":{"left":-0.5,"right":0.5,"bottom":-0.5,"top":0.5,"near":0.1000000000000000055511151231257827021181583404541015625,"far":100,"up":[-0.08944283001604201588374820630633621476590633392333984375,0.9651395714898070021803277995786629617214202880859375,-0.2459788358847035671939096346250153146684169769287109375],"zoom":1,"matrix":[-0.8924119875688683034553605466498993337154388427734375,-0.1873244220086803524250029795439331792294979095458984375,-0.41050018923563913464391816887655295431613922119140625,0,-0.0998353552533179644523642082276637665927410125732421875,0.9691774963969870260172001508180983364582061767578125,-0.2252285113370685321054764926884672604501247406005859375,0,0.440038346379977962641305566648952662944793701171875,-0.1600141912355964868286406499464646913111209869384765625,-0.883607216085513957892771941260434687137603759765625,0,0.464418962217214126297903931117616593837738037109375,-0.1688798834124604353323917393936426378786563873291015625,-0.932564058741649493100567269721068441867828369140625,1]}},{"timestamp":1574453098856,"camera":{"left":-0.5,"right":0.5,"bottom":-0.5,"top":0.5,"near":0.1000000000000000055511151231257827021181583404541015625,"far":100,"up":[-0.106603636400404322426282988089951686561107635498046875,0.9550198803356042542844761555898003280162811279296875,-0.276717713328907211067786420244374312460422515869140625],"zoom":1,"matrix":[-0.9141800004393356715581830940209329128265380859375,-0.20359216500092791601872477258439175784587860107421875,-0.350464202375892541763136023291735909879207611083984375,0,-0.11578471049662102110300310187085415236651897430419921875,0.9598334524771079401261886232532560825347900390625,-0.25556534256641472158122496693977154791355133056640625,0,0.388418366728388975150920714440871961414813995361328125,-0.1930543287681221464868741577447508461773395538330078125,-0.9010334058912243815342435482307337224483489990234375,0,0.409938943426389312829627442624769173562526702880859375,-0.2037506316338426604062306068954057991504669189453125,-0.95095575812772958901319952929043211042881011962890625,1]}},{"timestamp":1574453098872,"camera":{"left":-0.5,"right":0.5,"bottom":-0.5,"top":0.5,"near":0.1000000000000000055511151231257827021181583404541015625,"far":100,"up":[-0.11964872157553563258858275730744935572147369384765625,0.94723341079584277846237228004611097276210784912109375,-0.297376947488225906734982117995969019830226898193359375],"zoom":1,"matrix":[-0.927294169659051537024652134277857840061187744140625,-0.21363205330899825984403150869184173643589019775390625,-0.30738716420063993961520054654101841151714324951171875,0,-0.127970182307242719144113607399049215018749237060546875,0.9525995709145067547041207944857887923717498779296875,-0.27600306145720321371328509485465474426746368408203125,0,0.35177998146082856134597705022315494716167449951171875,-0.2165996382556512056538622346124611794948577880859375,-0.9106785609373593270987612413591705262660980224609375,0,0.37127058417257619016282887969282455742359161376953125,-0.2286004845778835392611227916859206743538379669189453125,-0.9611353093732069030608045068220235407352447509765625,1]}},{"timestamp":1574453098889,"camera":{"left":-0.5,"right":0.5,"bottom":-0.5,"top":0.5,"near":0.1000000000000000055511151231257827021181583404541015625,"far":100,"up":[-0.1292672695190522913488706535645178519189357757568359375,0.9414498562104693935026489270967431366443634033203125,-0.31138744559210518314529281269642524421215057373046875],"zoom":1,"matrix":[-0.935413858178133494902795064263045787811279296875,-0.2199846300305974278188614334794692695140838623046875,-0.276780917836833284528808007962652482092380523681640625,0,-0.1369825790487102512571482293424196541309356689453125,0.94720673891419082668363671473343856632709503173828125,-0.28988819705656820868711065486422739923000335693359375,0,0.325939698357629537017743359683663584291934967041015625,-0.233251272892228911359779885970056056976318359375,-0.9161643721127188388919648787123151123523712158203125,0,0.343998603080673870380223888787440955638885498046875,-0.2461747140530161914728779493088950403034687042236328125,-0.96692506554772916782525271628401242196559906005859375,1]}},{"timestamp":1574453098905,"camera":{"left":-0.5,"right":0.5,"bottom":-0.5,"top":0.5,"near":0.1000000000000000055511151231257827021181583404541015625,"far":100,"up":[-0.1362320023926853196361008713211049325764179229736328125,0.93724231482180819785554604095523245632648468017578125,-0.320963681483651674941626197323785163462162017822265625],"zoom":1,"matrix":[-0.940572164853908265769177887705154716968536376953125,-0.2240958663383027793525315018996479921042919158935546875,-0.25515690347728614550959491680259816348552703857421875,0,-0.1435212754675463664444379219276015646755695343017578125,0.94327433873732291491620571832754649221897125244140625,-0.299391324803900904516495984353241510689258575439453125,0,0.3077753177079023405582347550080157816410064697265625,-0.244978702277875048931576884569949470460414886474609375,-0.919380111401180588615034139365889132022857666015625,0,0.324827812898264955965288436345872469246387481689453125,-0.2585519094260175787525213308981619775295257568359375,-0.97031897499992736388918501688749529421329498291015625,1]}},{"timestamp":1574453098922,"camera":{"left":-0.5,"right":0.5,"bottom":-0.5,"top":0.5,"near":0.1000000000000000055511151231257827021181583404541015625,"far":100,"up":[-0.141218426893602089222667927970178425312042236328125,0.934220576266699964662620914168655872344970703125,-0.3275504095335743937056349750491790473461151123046875],"zoom":1,"matrix":[-0.9439236483843611580368815339170396327972412109375,-0.22680783505577206682346513844095170497894287109375,-0.2399298897137891461994740893715061247348785400390625,0,-0.14820877671164378597268296289257705211639404296875,0.9404459033633061348922410616069100797176361083984375,-0.3059340800774135171735679250559769570827484130859375,0,0.2950293282478801959456404802040196955204010009765625,-0.253218697580745111253008872154168784618377685546875,-0.9213240399930506807635310906334780156612396240234375,0,0.31137562345579417044660885949269868433475494384765625,-0.26724844712259621104522011592052876949310302734375,-0.97237060824209198273138099466450512409210205078125,1]}},{"timestamp":1574453098939,"camera":{"left":-0.5,"right":0.5,"bottom":-0.5,"top":0.5,"near":0.1000000000000000055511151231257827021181583404541015625,"far":100,"up":[-0.1447625092685584646812202436194638721644878387451171875,0.9320684146394226932130777640850283205509185791015625,-0.33210282495309295658358905711793340742588043212890625],"zoom":1,"matrix":[-0.9461420283065378189490957083762623369693756103515625,-0.22862445049986346301551520809880457818508148193359375,-0.22922941108336403193135311084915883839130401611328125,0,-0.15154332258880065520401103640324436128139495849609375,0.938429365676802351714513861224986612796783447265625,-0.310459251777396916249784908359288237988948822021484375,0,0.28609418667763442112317306964541785418987274169921875,-0.259000359592549467269151364234858192503452301025390625,-0.9225339723176555484229766079806722700595855712890625,0,0.30194542445278693687527038491680286824703216552734375,-0.27335044594497670544797074398957192897796630859375,-0.97364757766798171179090104487841017544269561767578125,1]}},{"timestamp":1574453098956,"camera":{"left":-0.5,"right":0.5,"bottom":-0.5,"top":0.5,"near":0.1000000000000000055511151231257827021181583404541015625,"far":100,"up":[-0.1472693240670115144563823150747339241206645965576171875,0.93054398051949915871006169254542328417301177978515625,-0.3352605650949314064490636155824176967144012451171875],"zoom":1,"matrix":[-0.9476321519677244342716448954888619482517242431640625,-0.2298558626395312831647288476233370602130889892578125,-0.221719613402280801839339119396754540503025054931640625,0,-0.153903337383182126085756635802681557834148406982421875,0.93700000956725937317770558365737088024616241455078125,-0.313599656908731649895827331420150585472583770751953125,0,0.279833999541403699584662945198942907154560089111328125,-0.263053729266841507250518361615831963717937469482421875,-0.923306919837314499233116293908096849918365478515625,0,0.295338387504731347821262943398323841392993927001953125,-0.277628395248949277895889053979772143065929412841796875,-0.97446335085657198593622752014198340475559234619140625,1]}},{"timestamp":1574453098972,"camera":{"left":-0.5,"right":0.5,"bottom":-0.5,"top":0.5,"near":0.1000000000000000055511151231257827021181583404541015625,"far":100,"up":[-0.1490367095018843013320974932867102324962615966796875,0.9294681585374660048870509854168631136417388916015625,-0.337456666085920120590202486710040830075740814208984375],"zoom":1,"matrix":[-0.94864443255089891948728109127841889858245849609375,-0.23069809260999873945507943062693811953067779541015625,-0.2164535300157781894103692366115865297615528106689453125,0,-0.1555679079262801689509387870202772319316864013671875,0.93599080745915796963885213699541054666042327880859375,-0.315784474563576278427490251488052308559417724609375,0,0.275449390294521034849850593673181720077991485595703125,-0.265893960852934707617123422096483409404754638671875,-0.9238116880448712375795139450929127633571624755859375,0,0.290710846080405371782973134031635709106922149658203125,-0.28062599174598490403553796568303368985652923583984375,-0.974996086080768709081212364253588020801544189453125,1]}},{"timestamp":1574453098989,"camera":{"left":-0.5,"right":0.5,"bottom":-0.5,"top":0.5,"near":0.1000000000000000055511151231257827021181583404541015625,"far":100,"up":[-0.1502800247751580331456722205984988249838352203369140625,0.9287108331426059404378747785813175141811370849609375,-0.33898687667392923827947015524841845035552978515625],"zoom":1,"matrix":[-0.9493379133405752678953604117850773036479949951171875,-0.231277954715770228677484965373878367245197296142578125,-0.2127628584989679494388070679633528925478458404541015625,0,-0.156739227971304850850486900526448152959346771240234375,0.93528014660155667225893694194382987916469573974609375,-0.317307204122329877815644749716739170253276824951171875,0,0.272379038674272877518234281524200923740863800048828125,-0.267883472867328553679300284784403629601001739501953125,-0.9241472308325213713686707706074230372905731201171875,0,0.287470379596408920352956783972331322729587554931640625,-0.282725733990370209358644615349476225674152374267578125,-0.97535021983866065919954735363717190921306610107421875,1]}},{"timestamp":1574453099006,"camera":{"left":-0.5,"right":0.5,"bottom":-0.5,"top":0.5,"near":0.1000000000000000055511151231257827021181583404541015625,"far":100,"up":[-0.1511533443608684412762244164696312509477138519287109375,0.92817863040592285539531758331577293574810028076171875,-0.34005454936864298876031398322083987295627593994140625],"zoom":1,"matrix":[-0.949815936304402530510060387314297258853912353515625,-0.2316790999466645517568252898854552768170833587646484375,-0.21017726278095327785422341548837721347808837890625,0,-0.1575621394609554026811082394488039426505565643310546875,0.93478062358230362693944925922551192343235015869140625,-0.31836984465172879499306191064533777534961700439453125,0,0.2702292718242731428546221650321967899799346923828125,-0.26927677289915463720859634122462011873722076416015625,-0.924373387883024033584433709620498120784759521484375,0,0.285201503491180285987383058454724960029125213623046875,-0.28419623073266808699344210253912024199962615966796875,-0.97558890727023694910968742988188751041889190673828125,1]}},{"timestamp":1574453099022,"camera":{"left":-0.5,"right":0.5,"bottom":-0.5,"top":0.5,"near":0.1000000000000000055511151231257827021181583404541015625,"far":100,"up":[-0.1517661332654022532384630039814510382711887359619140625,0.9278050743578507564279789221473038196563720703125,-0.340800212425831750007176879080361686646938323974609375],"zoom":1,"matrix":[-0.9501469173800558554177086989511735737323760986328125,-0.231957568106178679823159427542123012244701385498046875,-0.2083663168351483629958664778314414434134960174560546875,0,-0.158139637340688643529773571572150103747844696044921875,0.93442995030207265383381809442653320729732513427734375,-0.319112085449958227112432496141991578042507171630859375,0,0.268724190379157013008892818106687627732753753662109375,-0.270252390510673345946912604631506837904453277587890625,-0.924527422485852401479178297449834644794464111328125,0,0.28361303201240228855084524184348993003368377685546875,-0.28522590308370243672442256865906529128551483154296875,-0.9757514762621879444992600838304497301578521728515625,1]}},{"timestamp":1574453099038,"camera":{"left":-0.5,"right":0.5,"bottom":-0.5,"top":0.5,"near":0.1000000000000000055511151231257827021181583404541015625,"far":100,"up":[-0.1521958019777140125317060892484732903540134429931640625,0.92754308909306981689724125317297875881195068359375,-0.341321337944241187667415715623064897954463958740234375],"zoom":1,"matrix":[-0.9503768221899806523111919887014664709568023681640625,-0.2321513517344519217378007169827469624578952789306640625,-0.207098154825050839722422324484796263277530670166015625,0,-0.1585445997949035124019445675003225915133953094482421875,0.93418398633317678569909503494272939860820770263671875,-0.319630864521136148770352747305878438055515289306640625,0,0.267670517091344650761897128177224658429622650146484375,-0.270935471222432944227165307893301360309123992919921875,-0.9246331514246772798060192144475877285003662109375,0,0.28250097925866513026704751609941013157367706298828125,-0.28594683033442003239343875975464470684528350830078125,-0.97586306318284987693090215543634258210659027099609375,1]}},{"timestamp":1574453099056,"camera":{"left":-0.5,"right":0.5,"bottom":-0.5,"top":0.5,"near":0.1000000000000000055511151231257827021181583404541015625,"far":100,"up":[-0.152496920647349487598631867513176985085010528564453125,0.92735945665962038475527151604183018207550048828125,-0.34168571427124394546126495697535574436187744140625],"zoom":1,"matrix":[-0.9505368821349116092989106618915684521198272705078125,-0.232286439445925918523272457605344243347644805908203125,-0.2062101979795730455347069209892651997506618499755859375,0,-0.15882842286788367847094605167512781918048858642578125,0.934011570433673110613881362951360642910003662109375,-0.319993622413516920488518735510297119617462158203125,0,0.266932890050179560947896106881671585142612457275390625,-0.27141369962763095546876002117642201483249664306640625,-0.9247061348687484194641683643567375838756561279296875,0,0.281722483503057896658816616763942874968051910400390625,-0.28645155530094168483401517733000218868255615234375,-0.97594009032294704031329501958680339157581329345703125,1]}},{"timestamp":1574453099072,"camera":{"left":-0.5,"right":0.5,"bottom":-0.5,"top":0.5,"near":0.1000000000000000055511151231257827021181583404541015625,"far":100,"up":[-0.15270787532271257180838119893451221287250518798828125,0.92723079511524442164471793148550204932689666748046875,-0.34194057583792980548054174505523405969142913818359375],"zoom":1,"matrix":[-0.95064849602743084489020475302822887897491455078125,-0.2323807259603285768623237572683137841522693634033203125,-0.2055885094136702395672955390182323753833770751953125,0,-0.1590272700397028782237640598395955748856067657470703125,0.933890761253751922055243994691409170627593994140625,-0.320247362875336116783131501506431959569454193115234375,0,0.266416524233207996363859138000407256186008453369140625,-0.271748494470601398287357142180553637444972991943359375,-0.92475672009910692139555976609699428081512451171875,0,0.28117750809622077401428441589814610779285430908203125,-0.286804899673783475488875183145864866673946380615234375,-0.97599347826147486717474066608701832592487335205078125,1]}},{"timestamp":1574453099089,"camera":{"left":-0.5,"right":0.5,"bottom":-0.5,"top":0.5,"near":0.1000000000000000055511151231257827021181583404541015625,"far":100,"up":[-0.152855627623607992493504070807830430567264556884765625,0.92714067383815568224036951505695469677448272705078125,-0.342118879950703835834957544648204930126667022705078125],"zoom":1,"matrix":[-0.9507264159671240388860269376891665160655975341796875,-0.232446591801001412047611438538297079503536224365234375,-0.20515326939243527792910981588647700846195220947265625,0,-0.159166546804426267680554474281962029635906219482421875,0.93380613701702086526523771681240759789943695068359375,-0.320424887996708651627386643667705357074737548828125,0,0.266055055130814732677890788181684911251068115234375,-0.27198286789694592346933177395840175449848175048828125,-0.9247918831877208756253594401641748845577239990234375,0,0.280796011558957336884390088016516529023647308349609375,-0.2870522587149435533859787028632126748561859130859375,-0.97603058958428767777348866729880683124065399169921875,1]}},{"timestamp":1574453099105,"camera":{"left":-0.5,"right":0.5,"bottom":-0.5,"top":0.5,"near":0.1000000000000000055511151231257827021181583404541015625,"far":100,"up":[-0.15295909538753826861778861712082289159297943115234375,0.92707756044063616140959993572323583066463470458984375,-0.342243644302805460899463696478051133453845977783203125],"zoom":1,"matrix":[-0.950780857119416733524985829717479646205902099609375,-0.2324926318678259551386844350417959503829479217529296875,-0.2048485730056202325233272176774335093796253204345703125,0,-0.1592640815552026911650074225690332241356372833251953125,0.93374687173575676712999893425148911774158477783203125,-0.3205491098881199096837235629209317266941070556640625,0,0.265802020424309670687534890021197497844696044921875,-0.27214693761065877897209475122508592903614044189453125,-0.9248163765242780609554529291926883161067962646484375,0,0.2805289572970577349764198515913449227809906005859375,-0.287225418819740452303079791818163357675075531005859375,-0.97605643999036828528659270887146703898906707763671875,1]}},{"timestamp":1574453099121,"camera":{"left":-0.5,"right":0.5,"bottom":-0.5,"top":0.5,"near":0.1000000000000000055511151231257827021181583404541015625,"far":100,"up":[-0.153031542980225865324683809376438148319721221923828125,0.9270333671000103858972352099954150617122650146484375,-0.342330955562463568053743756536277942359447479248046875],"zoom":1,"matrix":[-0.95081891554754971451757228351198136806488037109375,-0.2325248275607998682534827139534172601997852325439453125,-0.20463527165374550964571653821622021496295928955078125,0,-0.1593323759715560006267054404816008172929286956787109375,0.9337053721683650220342087777680717408657073974609375,-0.32063604281364510573126835879520513117313385009765625,0,0.2656248930432549837377109724911861121654510498046875,-0.27226179047335163918575062780291773378849029541015625,-0.9248334626536849345512791842338629066944122314453125,0,0.280342016056217280262075064456439577043056488037109375,-0.28734663518131042803105401617358438670635223388671875,-0.97607447278808390223048263578675687313079833984375,1]}},{"timestamp":1574453099138,"camera":{"left":-0.5,"right":0.5,"bottom":-0.5,"top":0.5,"near":0.1000000000000000055511151231257827021181583404541015625,"far":100,"up":[-0.1530822661700842191034865891197114251554012298583984375,0.92700242492148621220593440739321522414684295654296875,-0.342392061785778967220039703533984720706939697265625],"zoom":1,"matrix":[-0.9508455317605239986988863165606744587421417236328125,-0.232547348691445943114075589619460515677928924560546875,-0.20448595391279311694887610428850166499614715576171875,0,-0.159380191905226509252457844922901131212711334228515625,0.933676315676024159984081052243709564208984375,-0.32069688488337166898389796187984757125377655029296875,0,0.26550090237002788029485600418411195278167724609375,-0.27234218946432886543362883458030410110950469970703125,-0.9248453939326701789269691289518959820270538330078125,0,0.28021115559767206804053785162977874279022216796875,-0.2874314887315978506165947692352347075939178466796875,-0.97608706512747900330140282676438800990581512451171875,1]}},{"timestamp":1574453099156,"camera":{"left":-0.5,"right":0.5,"bottom":-0.5,"top":0.5,"near":0.1000000000000000055511151231257827021181583404541015625,"far":100,"up":[-0.1531177772410590998131141304838820360600948333740234375,0.9269807620452825691614862080314196646213531494140625,-0.34243483042866085241939799743704497814178466796875],"zoom":1,"matrix":[-0.9508641510127653351247545288060791790485382080078125,-0.2325631057139296853364385242457501590251922607421875,-0.204381428166709511184961911567370407283306121826171875,0,-0.159413667880858811454203305402188561856746673583984375,0.9336559728021345261339547505485825240612030029296875,-0.320739468952093542686299088018131442368030548095703125,0,0.265414108162214168462611496579484082758426666259765625,-0.272398469730634362750976151801296509802341461181640625,-0.924853731612120810723354225046932697296142578125,0,0.280119552499326462946527271924423985183238983154296875,-0.287490887243309345411290678384830243885517120361328125,-0.97609586476157816914422937770723365247249603271484375,1]}},{"timestamp":1574453099172,"camera":{"left":-0.5,"right":0.5,"bottom":-0.5,"top":0.5,"near":0.1000000000000000055511151231257827021181583404541015625,"far":100,"up":[-0.1531426373608045510277264611431746743619441986083984375,0.92696559639019593390685258782468736171722412109375,-0.342464765678378524338398847248754464089870452880859375],"zoom":1,"matrix":[-0.950877178561571501091975733288563787937164306640625,-0.2325741318226104692445943555867415852844715118408203125,-0.2043082585157631470007544294276158325374126434326171875,0,-0.1594371034260528563475389773884671740233898162841796875,0.9336417311594187307122183483443222939968109130859375,-0.320769275163245215498619700156268663704395294189453125,0,0.265353351857282981907104613128467462956905364990234375,-0.272437866392692573658251831147936172783374786376953125,-0.9248595610218355300702341992291621863842010498046875,0,0.2800554299511066602690334548242390155792236328125,-0.287532466703505018568165496617439202964305877685546875,-0.976102017153596346332733446615748107433319091796875,1]}},{"timestamp":1574453099189,"camera":{"left":-0.5,"right":0.5,"bottom":-0.5,"top":0.5,"near":0.1000000000000000055511151231257827021181583404541015625,"far":100,"up":[-0.1531600406057580243679439035986433736979961395263671875,0.92695497962730211138904223844292573630809783935546875,-0.342485718980794329180383783750585280358791351318359375],"zoom":1,"matrix":[-0.9508862949410279430395576127921231091022491455078125,-0.232581848233140486836845184370758943259716033935546875,-0.20425703896262981107412315395777113735675811767578125,0,-0.159453509465004195089221639136667363345623016357421875,0.9336317612104452212662408783216960728168487548828125,-0.320790138218705334072211599050206132233142852783203125,0,0.2653108222681817007782001383020542562007904052734375,-0.272465444288883473777929111747653223574161529541015625,-0.924863638195298154442980376188643276691436767578125,0,0.2800105439819713382121335598640143871307373046875,-0.28756157257128778237387223271070979535579681396484375,-0.97610632022555277043096566558233462274074554443359375,1]}},{"timestamp":1574453099205,"camera":{"left":-0.5,"right":0.5,"bottom":-0.5,"top":0.5,"near":0.1000000000000000055511151231257827021181583404541015625,"far":100,"up":[-0.153172223447055999567822937024175189435482025146484375,0.9269475474986188512360740787698887288570404052734375,-0.342500385621070491115602862919331528246402740478515625],"zoom":1,"matrix":[-0.9508926749837984804258894655504263937473297119140625,-0.2325872488067819432444593985565006732940673828125,-0.2042211848820975894636120528957690112292766571044921875,0,-0.1594649942601804593067527093808166682720184326171875,0.9336247818541163479011402159812860190868377685546875,-0.320804741725327857704286316220532171428203582763671875,0,0.265281051467601780569083302907529287040233612060546875,-0.272484748931652698278327306979917921125888824462890625,-0.9248664905443906292248357203789055347442626953125,0,0.27997912371048039315013511441065929830074310302734375,-0.287581946800567200828169234227971173822879791259765625,-0.97610933061093529961027570607257075607776641845703125,1]}},{"timestamp":1574453099221,"camera":{"left":-0.5,"right":0.5,"bottom":-0.5,"top":0.5,"near":0.1000000000000000055511151231257827021181583404541015625,"far":100,"up":[-0.153180751714817653397204821885679848492145538330078125,0.9269423448153804034888025853433646261692047119140625,-0.342510651939832377887995562559808604419231414794921875],"zoom":1,"matrix":[-0.9508971403163517521761605166830122470855712890625,-0.2325910287604421033957891040699905715882778167724609375,-0.20419608683406009763672273038537241518497467041015625,0,-0.1594730338947369097102324531078920699656009674072265625,0.93361989611279139200661347786081023514270782470703125,-0.320814963869749447678003662076662294566631317138671875,0,0.2652602118648628160002544973394833505153656005859375,-0.272498262237577837385771317713079042732715606689453125,-0.92486848636922847077812548377551138401031494140625,0,0.279957129475758181857969475458958186209201812744140625,-0.287596208820151411078569481105660088360309600830078125,-0.976111437015769300984402434551157057285308837890625,1]}},{"timestamp":1574453099238,"camera":{"left":-0.5,"right":0.5,"bottom":-0.5,"top":0.5,"near":0.1000000000000000055511151231257827021181583404541015625,"far":100,"up":[-0.1531867216407696574709262904434581287205219268798828125,0.92693870284131751891010253530112095177173614501953125,-0.34251783820380821143913863124907948076725006103515625],"zoom":1,"matrix":[-0.950900265708404024422861766652204096317291259765625,-0.2325936745093721558230726031979429535567760467529296875,-0.2041785181009828920029036680716671980917453765869140625,0,-0.1594786617768866598954247137953643687069416046142578125,0.933616475998757966436869537574239075183868408203125,-0.32082211922109404866887416574172675609588623046875,0,0.2652456241176064377640386737766675651073455810546875,-0.2725077215821392062622408047900535166263580322265625,-0.924869883045486229633524999371729791164398193359375,0,0.2799417334847096316963188655790872871875762939453125,-0.287606192265959237364114642332424409687519073486328125,-0.97611291107579989390075070332386530935764312744140625,1]}},{"timestamp":1574453099255,"camera":{"left":-0.5,"right":0.5,"bottom":-0.5,"top":0.5,"near":0.1000000000000000055511151231257827021181583404541015625,"far":100,"up":[-0.1531909006525031535783654135229880921542644500732421875,0.9269361534151612236342998585314489901065826416015625,-0.342522868505419630924535567828570492565631866455078125],"zoom":1,"matrix":[-0.9509024533136269941024920626659877598285675048828125,-0.23259552642458480864462444515083916485309600830078125,-0.2041662199517732256826008097050362266600131988525390625,0,-0.15948260135793168590367940851137973368167877197265625,0.933614081874800216809262565220706164836883544921875,-0.320827127888495045038297348583000712096691131591796875,0,0.26523541269263539721379174807225354015827178955078125,-0.272514343131410263776359670373494736850261688232421875,-0.9248708605213071809458824645844288170337677001953125,0,0.27993095628897923798916735904640518128871917724609375,-0.287613180686550340414697757296380586922168731689453125,-0.9761139427093150633396589910262264311313629150390625,1]}},{"timestamp":1574453099272,"camera":{"left":-0.5,"right":0.5,"bottom":-0.5,"top":0.5,"near":0.1000000000000000055511151231257827021181583404541015625,"far":100,"up":[-0.1551611289121027914550410287120030261576175689697265625,0.92705789386189885181721592743997462093830108642578125,-0.341304388344280784650663918000645935535430908203125],"zoom":1,"matrix":[-0.9526442409017656931524697938584722578525543212890625,-0.2318726144014063572651451750061823986470699310302734375,-0.1967334261567049435992515782345435582101345062255859375,0,-0.1612780767229729239620183989245560951530933380126953125,0.9337401896938037904050133874989114701747894287109375,-0.319560072786195081828708453031140379607677459716796875,0,0.257795136193912366451286288793198764324188232421875,-0.272698274364243375966765370321809314191341400146484375,-0.9269181835057107576858470565639436244964599609375,0,0.27207844634621547452724144022795371711254119873046875,-0.2878073027510803516548776315175928175449371337890625,-0.9782746989787673985716764946118928492069244384765625,1]}},{"timestamp":1574453099288,"camera":{"left":-0.5,"right":0.5,"bottom":-0.5,"top":0.5,"near":0.1000000000000000055511151231257827021181583404541015625,"far":100,"up":[-0.15854332347667055014284187564044259488582611083984375,0.9267069326814671992309513370855711400508880615234375,-0.340702620331983563328748232379439286887645721435546875],"zoom":1,"matrix":[-0.9557618386409487687416230983217246830463409423828125,-0.23063206474582254035254891277872957289218902587890625,-0.1825600134442126043499143861481570638716220855712890625,0,-0.164335087269373569807129342734697274863719940185546875,0.93343809785190468009119513226323761045932769775390625,-0.3188844564584254470673840842209756374359130859375,0,0.2439534523015399469780817298669717274606227874755859375,-0.27477657867747173892070122747099958360195159912109375,-0.930045453147566814067204177263192832469940185546875,0,0.257469854796143204911373914001160301268100738525390625,-0.29000075689038762316585007283720187842845916748046875,-0.98157523706503291283098633357440121471881866455078125,1]}},{"timestamp":1574453099305,"camera":{"left":-0.5,"right":0.5,"bottom":-0.5,"top":0.5,"near":0.1000000000000000055511151231257827021181583404541015625,"far":100,"up":[-0.166928163229019543845055295605561695992946624755859375,0.9251404004591623486675189269590191543102264404296875,-0.34095487642684840778883881284855306148529052734375],"zoom":1,"matrix":[-0.96285262711859953554949242970906198024749755859375,-0.227399193446539971130704316237824968993663787841796875,-0.145617393434555542075514722455409355461597442626953125,0,-0.17188125137287657562268350375234149396419525146484375,0.9320438238073283088169773691333830356597900390625,-0.318984554373888229417133288734476082026958465576171875,0,0.208258622576125429493032470418256707489490509033203125,-0.282106216383966101890479194480576552450656890869140625,-0.936506502273325214247279291157610714435577392578125,0,0.219797329403816410486882659824914298951625823974609375,-0.2977364980254086912481170656974427402019500732421875,-0.988394264894093765860816347412765026092529296875,1]}},{"timestamp":1574453099323,"camera":{"left":-0.5,"right":0.5,"bottom":-0.5,"top":0.5,"near":0.1000000000000000055511151231257827021181583404541015625,"far":100,"up":[-0.1771598317901050823053310523391701281070709228515625,0.9231016194486987291867308158543892204761505126953125,-0.34131773199072490410088676071609370410442352294921875],"zoom":1,"matrix":[-0.969657320970945146854091944987885653972625732421875,-0.2230744081044037929739687342589604668319225311279296875,-0.100012440907717436999746496439911425113677978515625,0,-0.1810786706308471216697597583333845250308513641357421875,0.93022375480102315048469563407707028090953826904296875,-0.31920883610334349622661420653457753360271453857421875,0,0.164241270483441337280083871519309468567371368408203125,-0.2914130650001058864262404313194565474987030029296875,-0.9423922912552018527065911257523111999034881591796875,0,0.173341166783884725877129540094756521284580230712890625,-0.30755899874921610592792831084807403385639190673828125,-0.9946061599102435923924758753855712711811065673828125,1]}},{"timestamp":1574453099340,"camera":{"left":-0.5,"right":0.5,"bottom":-0.5,"top":0.5,"near":0.1000000000000000055511151231257827021181583404541015625,"far":100,"up":[-0.1928553787079533010651033464455395005643367767333984375,0.92034927378569697520305226134951226413249969482421875,-0.340241116189023584670536592966527678072452545166015625],"zoom":1,"matrix":[-0.9760119143267846908429419272579252719879150390625,-0.2156319785503010011407099000280140899121761322021484375,-0.03005982233227198763270138215375482104718685150146484375,0,-0.1951816270837382349956357074916013516485691070556640625,0.92777930136916830772264574989094398915767669677734375,-0.318008962766590019821677515210467390716075897216796875,0,0.09646178280080543177010810040883370675146579742431640625,-0.304513411490233754097545215699938125908374786376953125,-0.9476110524268224200028498671599663794040679931640625,0,0.10180631172377015147834100616819341666996479034423828125,-0.321385178607590249466596787897287867963314056396484375,-1.000114069998812471595783790689893066883087158203125,1]}},{"timestamp":1574453099355,"camera":{"left":-0.5,"right":0.5,"bottom":-0.5,"top":0.5,"near":0.1000000000000000055511151231257827021181583404541015625,"far":100,"up":[-0.2092048041364447386047942245568265207111835479736328125,0.9178439169887135928860288913710974156856536865234375,-0.33733646997181832016821090292069129645824432373046875],"zoom":1,"matrix":[-0.9774109119765352904352084806305356323719024658203125,-0.206860627076919156852596870521665550768375396728515625,0.043319627359219937956513746257769525982439517974853515625,0,-0.209853887040604814018252000096254050731658935546875,0.92556899478626453170448939999914728105068206787109375,-0.315092656189084940887568109246785752475261688232421875,0,0.025084960497217430319683018069554236717522144317626953125,-0.3170657926293652395521860398730495944619178771972656